25a:
(True, 227.10325782138952, 360.5633491481776)
[[0, 0], [1,],[26,][3, 15.0], [28, -15.0], [23, 10.0], [48, -10.0], [22, 10.0], [47, -10.0], [18, 11.0], [43, -11.0],  [19, 7.0], [8, 8.0], [44, -7.0], [33, -8.0], [13,],[38,],[25, 10.0], [50, -10.0], [5, 12.0], [30, -12.0], [15, 11.0], [40, -11.0], [7, 10.0], [4, 5.0], [32, -10.0], [29, -5.0], [51, 0]] 

25B:
(True, 172.3168525248817, 375.96065954042774)
 [[0, 0], [2, 20.0], [27, -20.0], [20, 20.0], [45, -20.0], [25, 14.0], [50, -14.0], [23, 5.0], [48, -5.0], [3, 9.0], [28, -9.0], [22, 12.0], [12, 7.0], [37, -7.0], [47, -12.0], [13, 16.0], [38, -16.0], [8, 12.0], [1, 6.0], [33, -12.0], [9, 9.0], [26, -6.0], [34, -9.0], [17, 19.0], [42, -19.0], [7, 20.0], [32, -20.0], [51, 0]] 



25c
(True, 266.4481160214781, 495.120212691344)
[[0, 0], [6, 14.0], [31, -14.0], [2, 10.0], [27, -10.0], [15, 14.0], [40, -14.0], [7, 6.0], [17, 8.0], [42, -8.0], [32, -6.0], [13, 11.0], [38, -11.0], [3, 14.0], [28, -14.0], [22, 15.0], [47, -15.0], [14, 15.0], [39, -15.0], [11, 10.0], [36, -10.0], [16, 8.0], [25, 7.0], [50, -7.0], [41, -8.0], [21, 11.0], [46, -11.0], [24, 10.0], [49, -10.0], [9, 10.0], [34, -10.0], [23, 6.0], [20, 7.0], [45, -7.0], [1, 9.0], [48, -6.0], [26, -9.0], [51, 0]] 
 266.4481160214781


25d
(True, 296.3411948640472, 471.968482168189)

[0, 0], [9, 7.0], [2, 5.0], [7, 6.0], [32, -6.0], [34, -7.0], [15, 15.0], [27, -5.0], [40, -15.0], [10, 9.0], [22, 6.0], [35, -9.0], [11, 8.0], [36, -8.0], [47, -6.0], [25, 19.0], [50, -19.0], [23, 11.0], [48, -11.0], [24, 7.0], [49, -7.0], [18, 14.0], [43, -14.0], [19, 19.0], [44, -19.0], [16, 7.0], [41, -7.0], [20, 7.0], [14, 12.0], [39, -12.0], [45, -7.0], [12, 18.0], [37, -18.0], [3, 16.0], [28, -16.0], [17, 14.0], [42, -14.0], [51, 0]] 
