35a:
(True, 314.89510742488596, 521.8614755918182)
 [[0, 0], [16, 11.0], [51, -11.0], [30, 11.0], [65, -11.0], [10, 12.0], [45, -12.0], [31, 6.0], [11, 8.0], [66, -6.0], [46, -8.0], [1, 7.0], [36, -7.0], [3, 15.0], [38, -15.0], [35, 6.0], [70, -6.0], [22, 10.0], [57, -10.0], [18, 11.0], [53, -11.0], [28, 8.0], [63, -8.0], [19, 7.0], [8, 8.0], [54, -7.0], [43, -8.0], [6, 5.0], [41, -5.0], [13, 15.0], [48, -15.0], [5, 12.0], [40, -12.0], [15, 11.0], [50, -11.0], [7, 10.0], [4, 5.0], [42, -10.0], [27, 6.0], [39, -5.0], [62, -6.0], [71, 0]] 

35b
(True, 370.2609442072295, 557.9989591099122)
 [[0, 0], [11, 20.0], [46, -20.0], [21, 16.0], [56, -16.0], [16, 6.0], [26, 5.0], [51, -6.0], [61, -5.0], [34, 17.0], [69, -17.0], [2, 20.0], [37, -20.0], [25, 14.0], [60, -14.0], [20, 20.0], [55, -20.0], [3, 9.0], [23, 5.0], [38, -9.0], [58, -5.0], [31, 5.0], [22, 12.0], [66, -5.0], [12, 7.0], [47, -7.0], [57, -12.0], [13, 16.0], [48, -16.0], [29, 13.0], [64, -13.0], [8, 12.0], [1, 6.0], [43, -12.0], [9, 9.0], [36, -6.0], [44, -9.0], [30, 18.0], [65, -18.0], [17, 19.0], [52, -19.0], [5, 11.0], [40, -11.0], [27, 12.0], [62, -12.0], [71, 0]] 


35c:
(True, 410.69721823101804, 562.6171030849005)
[[0, 0], [34, 11.0], [69, -11.0], [15, 14.0], [50, -14.0], [6, 14.0], [41, -14.0], [17, 8.0], [7, 6.0], [42, -6.0], [31, 7.0], [52, -8.0], [66, -7.0], [13, 11.0], [48, -11.0], [4, 11.0], [39, -11.0], [2, 10.0], [37, -10.0], [3, 14.0], [38, -14.0], [5, 12.0], [40, -12.0], [10, 12.0], [45, -12.0], [21, 11.0], [56, -11.0], [28, 5.0], [11, 10.0], [63, -5.0], [46, -10.0], [16, 8.0], [51, -8.0], [24, 10.0], [59, -10.0], [30, 9.0], [65, -9.0], [8, 12.0], [43, -12.0], [9, 10.0], [44, -10.0], [1, 9.0], [36, -9.0], [18, 8.0], [20, 7.0], [55, -7.0], [53, -8.0], [71, 0]] 


35d:
(True, 436.81228336436106, 581.1844322319816)
 [[0, 0], [10, 9.0], [9, 7.0], [45, -9.0], [7, 6.0], [42, -6.0], [13, 12.0], [48, -12.0], [44, -7.0], [15, 15.0], [31, 5.0], [66, -5.0], [50, -15.0], [27, 16.0], [62, -16.0], [6, 20.0], [41, -20.0], [23, 11.0], [11, 8.0], [46, -8.0], [58, -11.0], [24, 7.0], [34, 11.0], [69, -11.0], [16, 7.0], [51, -7.0], [59, -7.0], [18, 14.0], [53, -14.0], [12, 18.0], [47, -18.0], [32, 15.0], [67, -15.0], [3, 16.0], [38, -16.0], [19, 19.0], [54, -19.0], [28, 8.0], [14, 12.0], [49, -12.0], [20, 7.0], [63, -8.0], [29, 13.0], [55, -7.0], [64, -13.0], [30, 12.0], [65, -12.0], [17, 14.0], [52, -14.0], [71, 0]] 
 436.81228336436106




40a:
(True, 371.25086118788704, 548.2545526166293)

[[0, 0], [16, 11.0], [56, -11.0], [30, 11.0], [70, -11.0], [10, 12.0], [50, -12.0], [31, 6.0], [71, -6.0], [11, 8.0], [51, -8.0], [1, 7.0], [41, -7.0], [3, 15.0], [43, -15.0], [35, 6.0], [75, -6.0], [26, 13.0], [66, -13.0], [22, 10.0], [62, -10.0], [18, 11.0], [58, -11.0], [19, 7.0], [39, 8.0], [79, -8.0], [6, 5.0], [46, -5.0], [8, 8.0], [59, -7.0], [48, -8.0], [13, 15.0], [53, -15.0], [5, 12.0], [45, -12.0], [15, 11.0], [55, -11.0], [7, 10.0], [4, 5.0], [44, -5.0], [47, -10.0], [33, 10.0], [73, -10.0], [27, 6.0], [67, -6.0], [81, 0]] 


40b:
(True, 356.0213647645286, 567.0882798254346)

[[0, 0], [11, 20.0], [51, -20.0], [24, 19.0], [64, -19.0], [15, 7.0], [55, -7.0], [26, 5.0], [66, -5.0], [34, 17.0], [74, -17.0], [2, 20.0], [42, -20.0], [39, 8.0], [79, -8.0], [25, 14.0], [65, -14.0], [20, 20.0], [60, -20.0], [10, 16.0], [50, -16.0], [31, 5.0], [3, 9.0], [43, -9.0], [71, -5.0], [22, 12.0], [12, 7.0], [52, -7.0], [62, -12.0], [19, 16.0], [59, -16.0], [8, 12.0], [48, -12.0], [9, 9.0], [37, 7.0], [77, -7.0], [49, -9.0], [30, 18.0], [70, -18.0], [17, 19.0], [57, -19.0], [7, 20.0], [47, -20.0], [27, 12.0], [67, -12.0], [81, 0]] 


40c:
(True, 476.93004083507606, 535.009609844129)
  [[0, 0], [6, 14.0], [46, -14.0], [37, 5.0], [77, -5.0], [15, 14.0], [55, -14.0], [35, 13.0], [75, -13.0], [40, 8.0], [31, 7.0], [71, -7.0], [80, -8.0], [12, 10.0], [52, -10.0], [4, 11.0], [44, -11.0], [7, 6.0], [47, -6.0], [13, 11.0], [53, -11.0], [14, 15.0], [54, -15.0], [39, 7.0], [79, -7.0], [36, 11.0], [76, -11.0], [21, 11.0], [61, -11.0], [28, 5.0], [25, 7.0], [68, -5.0], [16, 8.0], [56, -8.0], [65, -7.0], [24, 10.0], [64, -10.0], [30, 9.0], [70, -9.0], [8, 12.0], [48, -12.0], [1, 9.0], [38, 5.0], [41, -9.0], [20, 7.0], [60, -7.0], [9, 10.0], [78, -5.0], [49, -10.0], [81, 0]] 





40d:
(True, 503.4662442074691, 504.81418710965977)
 [[0, 0], [15, 15.0], [55, -15.0], [37, 12.0], [77, -12.0], [38, 5.0], [78, -5.0], [7, 6.0], [47, -6.0], [13, 12.0], [53, -12.0], [10, 9.0], [50, -9.0], [11, 8.0], [51, -8.0], [27, 16.0], [67, -16.0], [1, 9.0], [31, 5.0], [71, -5.0], [23, 11.0], [41, -9.0], [24, 7.0], [63, -11.0], [16, 7.0], [56, -7.0], [64, -7.0], [26, 11.0], [66, -11.0], [18, 14.0], [58, -14.0], [12, 18.0], [52, -18.0], [32, 15.0], [72, -15.0], [19, 19.0], [59, -19.0], [28, 8.0], [20, 7.0], [68, -8.0], [14, 12.0], [60, -7.0], [54, -12.0], [40, 7.0], [80, -7.0], [30, 12.0], [70, -12.0], [17, 14.0], [57, -14.0], [81, 0]] 




45a
(True, 391.075277081111, 401.26916550304924)

[[0, 0], [31, 6.0], [11, 8.0], [56, -8.0], [76, -6.0], [1, 7.0], [46, -7.0], [36, 15.0], [81, -15.0], [3, 15.0], [48, -15.0], [23, 10.0], [68, -10.0], [26, 13.0], [71, -13.0], [22, 10.0], [67, -10.0], [45, 11.0], [90, -11.0], [19, 7.0], [8, 8.0], [64, -7.0], [53, -8.0], [6, 5.0], [51, -5.0], [13, 15.0], [58, -15.0], [5, 12.0], [50, -12.0], [41, 13.0], [86, -13.0], [15, 11.0], [60, -11.0], [7, 10.0], [4, 5.0], [52, -10.0], [27, 6.0], [49, -5.0], [72, -6.0], [91, 0]] 


45b
(True, 371.62984279525597, 507.96801613781236)

 [[0, 0], [15, 7.0], [60, -7.0], [26, 5.0], [71, -5.0], [43, 9.0], [88, -9.0], [34, 17.0], [79, -17.0], [39, 8.0], [84, -8.0], [32, 20.0], [77, -20.0], [20, 20.0], [65, -20.0], [44, 12.0], [89, -12.0], [10, 16.0], [55, -16.0], [31, 5.0], [3, 9.0], [48, -9.0], [12, 7.0], [76, -5.0], [45, 10.0], [90, -10.0], [57, -7.0], [19, 16.0], [64, -16.0], [8, 12.0], [37, 7.0], [82, -7.0], [53, -12.0], [9, 9.0], [54, -9.0], [30, 18.0], [75, -18.0], [17, 19.0], [62, -19.0], [7, 20.0], [52, -20.0], [27, 12.0], [72, -12.0], [91, 0]] 



45c:
(True, 481.2279869569035, 484.2052258547671)

 [[0, 0], [6, 14.0], [51, -14.0], [41, 8.0], [86, -8.0], [37, 5.0], [82, -5.0], [13, 11.0], [58, -11.0], [2, 10.0], [47, -10.0], [15, 14.0], [60, -14.0], [7, 6.0], [40, 8.0], [52, -6.0], [85, -8.0], [4, 11.0], [49, -11.0], [14, 15.0], [59, -15.0], [39, 7.0], [84, -7.0], [26, 15.0], [71, -15.0], [21, 11.0], [66, -11.0], [11, 10.0], [56, -10.0], [16, 8.0], [61, -8.0], [30, 9.0], [45, 5.0], [90, -5.0], [75, -9.0], [8, 12.0], [53, -12.0], [10, 12.0], [55, -12.0], [24, 10.0], [38, 5.0], [69, -10.0], [20, 7.0], [65, -7.0], [83, -5.0], [9, 10.0], [54, -10.0], [91, 0]] 
 481.2279869569035




45d:
(True, 546.3816498897583, 505.461302031268)


[[0, 0], [37, 12.0], [2, 5.0], [82, -12.0], [38, 5.0], [83, -5.0], [7, 6.0], [52, -6.0], [47, -5.0], [15, 15.0], [60, -15.0], [27, 16.0], [72, -16.0], [41, 18.0], [86, -18.0], [13, 12.0], [42, 5.0], [58, -12.0], [23, 11.0], [87, -5.0], [68, -11.0], [44, 8.0], [11, 8.0], [56, -8.0], [89, -8.0], [39, 9.0], [26, 11.0], [71, -11.0], [84, -9.0], [32, 15.0], [77, -15.0], [16, 7.0], [61, -7.0], [18, 14.0], [63, -14.0], [12, 18.0], [57, -18.0], [8, 18.0], [53, -18.0], [40, 7.0], [85, -7.0], [28, 8.0], [20, 7.0], [73, -8.0], [14, 12.0], [59, -12.0], [65, -7.0], [45, 15.0], [90, -15.0], [43, 16.0], [88, -16.0], [91, 0]] 


50a:
(True, 468.5641741214322, 493.1275735323005)

  [[0, 0], [10, 12.0], [60, -12.0], [14, 8.0], [64, -8.0], [31, 6.0], [11, 8.0], [81, -6.0], [61, -8.0], [1, 7.0], [51, -7.0], [36, 15.0], [86, -15.0], [3, 15.0], [53, -15.0], [50, 9.0], [42, 5.0], [100, -9.0], [35, 6.0], [92, -5.0], [85, -6.0], [26, 13.0], [76, -13.0], [45, 11.0], [95, -11.0], [39, 8.0], [89, -8.0], [8, 8.0], [19, 7.0], [58, -8.0], [69, -7.0], [5, 12.0], [55, -12.0], [48, 7.0], [98, -7.0], [41, 13.0], [91, -13.0], [15, 11.0], [65, -11.0], [7, 10.0], [4, 5.0], [54, -5.0], [57, -10.0], [33, 10.0], [83, -10.0], [27, 6.0], [77, -6.0], [101, 0]] 


50b  :  
(True, 474.12734156944424, 491.4089040327826)
 [[0, 0], [15, 7.0], [26, 5.0], [65, -7.0], [43, 9.0], [76, -5.0], [93, -9.0], [34, 17.0], [84, -17.0], [39, 8.0], [89, -8.0], [41, 6.0], [91, -6.0], [20, 20.0], [70, -20.0], [44, 12.0], [94, -12.0], [42, 13.0], [92, -13.0], [23, 5.0], [3, 9.0], [53, -9.0], [73, -5.0], [31, 5.0], [33, 12.0], [81, -5.0], [12, 7.0], [62, -7.0], [83, -12.0], [48, 11.0], [98, -11.0], [8, 12.0], [58, -12.0], [9, 9.0], [59, -9.0], [47, 20.0], [97, -20.0], [37, 7.0], [87, -7.0], [17, 19.0], [67, -19.0], [5, 11.0], [1, 6.0], [51, -6.0], [55, -11.0], [27, 12.0], [77, -12.0], [101, 0]] 



50c:
(True, 564.1504877035607, 527.5491119833778)
 [[0, 0], [6, 14.0], [56, -14.0], [41, 8.0], [91, -8.0], [37, 5.0], [87, -5.0], [4, 11.0], [54, -11.0], [2, 10.0], [52, -10.0], [15, 14.0], [65, -14.0], [7, 6.0], [57, -6.0], [3, 14.0], [53, -14.0], [5, 12.0], [55, -12.0], [14, 15.0], [64, -15.0], [39, 7.0], [89, -7.0], [47, 9.0], [97, -9.0], [21, 11.0], [71, -11.0], [45, 5.0], [30, 9.0], [95, -5.0], [80, -9.0], [8, 12.0], [58, -12.0], [28, 5.0], [78, -5.0], [16, 8.0], [25, 7.0], [66, -8.0], [75, -7.0], [24, 10.0], [74, -10.0], [9, 10.0], [59, -10.0], [33, 8.0], [23, 6.0], [83, -8.0], [20, 7.0], [70, -7.0], [1, 9.0], [73, -6.0], [51, -9.0], [27, 14.0], [77, -14.0], [101, 0]] 


50d:
(True, 697.6645417864939, 517.1169931427972)

 [[0, 0], [4, 20.0], [54, -20.0], [48, 10.0], [98, -10.0], [7, 6.0], [57, -6.0], [37, 12.0], [2, 5.0], [87, -12.0], [38, 5.0], [88, -5.0], [15, 15.0], [52, -5.0], [65, -15.0], [27, 16.0], [77, -16.0], [41, 18.0], [91, -18.0], [11, 8.0], [13, 12.0], [61, -8.0], [63, -12.0], [31, 5.0], [1, 9.0], [81, -5.0], [42, 5.0], [51, -9.0], [24, 7.0], [92, -5.0], [23, 11.0], [73, -11.0], [44, 8.0], [94, -8.0], [16, 7.0], [66, -7.0], [74, -7.0], [18, 14.0], [68, -14.0], [14, 12.0], [64, -12.0], [12, 18.0], [62, -18.0], [32, 15.0], [82, -15.0], [3, 16.0], [53, -16.0], [19, 19.0], [69, -19.0], [40, 7.0], [90, -7.0], [49, 14.0], [99, -14.0], [47, 16.0], [97, -16.0], [29, 13.0], [79, -13.0], [5, 10.0], [55, -10.0], [34, 11.0], [84, -11.0], [101, 0]]
