35A:
(True, 314.89510742488596, 521.8614755918182)
 [[0, 0], [16, 11.0], [51, -11.0], [30, 11.0], [65, -11.0], [10, 12.0], [45, -12.0], [31, 6.0], [11, 8.0], [66, -6.0], [46, -8.0], [1, 7.0], [36, -7.0], [3, 15.0], [38, -15.0], [35, 6.0], [70, -6.0], [22, 10.0], [57, -10.0], [18, 11.0], [53, -11.0], [28, 8.0], [63, -8.0], [19, 7.0], [8, 8.0], [54, -7.0], [43, -8.0], [6, 5.0], [41, -5.0], [13, 15.0], [48, -15.0], [5, 12.0], [40, -12.0], [15, 11.0], [50, -11.0], [7, 10.0], [4, 5.0], [42, -10.0], [27, 6.0], [39, -5.0], [62, -6.0], [71, 0]] 
[81.16010810473166, 214.2006566996925, 1000000, 256.0, 557.1440963673336, 497.5848960621131, 463.58227786603584, 549.3520863729619, 446.2750903538927, 1000000, 139.6961832909333, 197.94491041399158, 1000000, 475.5111790367255, 1000000, 523.5427031177405, 94.06353245723055, 1000000, 332.5390697289691, 430.8345026563844, 1000000, 1000000, 312.7281022612992, 1000000, 1000000, 1000000, 1000000, 580.5521869398631, 378.0, 1000000, 120.99264681945505, 189.15642428471742, 1000000, 1000000, 1000000, 290.19888217038454, 239.94508190910204, 1000000, 261.0, 588.7275932294611, 498.42827117878846, 465.42842256513177, 569.9923370251047, 457.4551634464162, 1000000, 159.3758571138852, 202.8659309310645, 1000000, 483.9527545117183, 1000000, 535.8894449335852, 105.0, 1000000, 348.41789389478464, 455.2535700693011, 1000000, 1000000, 323.60544533072573, 1000000, 1000000, 1000000, 1000000, 592.799216188046, 422.47730714060947, 1000000, 130.34965814786543, 198.30496973662062, 1000000, 1000000, 1000000, 305.17097494663795, 603.0215836965499]
profit:   314.89510742488596    duration:   521.8614755918182

35B:
(True, 370.2609442072295, 557.9989591099122)
 [[0, 0], [11, 20.0], [46, -20.0], [21, 16.0], [56, -16.0], [16, 6.0], [26, 5.0], [51, -6.0], [61, -5.0], [34, 17.0], [69, -17.0], [2, 20.0], [37, -20.0], [25, 14.0], [60, -14.0], [20, 20.0], [55, -20.0], [3, 9.0], [23, 5.0], [38, -9.0], [58, -5.0], [31, 5.0], [22, 12.0], [66, -5.0], [12, 7.0], [47, -7.0], [57, -12.0], [13, 16.0], [48, -16.0], [29, 13.0], [64, -13.0], [8, 12.0], [1, 6.0], [43, -12.0], [9, 9.0], [36, -6.0], [44, -9.0], [30, 18.0], [65, -18.0], [17, 19.0], [52, -19.0], [5, 11.0], [40, -11.0], [27, 12.0], [62, -12.0], [71, 0]] 
[33.69426092613232, 431.3987067430402, 194.54015324373404, 284.2223898747877, 1000000, 528.2873009650148, 1000000, 1000000, 420.9999999999999, 455.67213201089555, 1000000, 36.85581982504284, 343.57610332887424, 370.54009673690547, 1000000, 1000000, 115.55978433662436, 499.0055087300866, 1000000, 1000000, 250.95415126393598, 85.65120341986521, 335.9784754652903, 293.0102908705908, 1000000, 227.5119190415655, 135.8046731762046, 564.8418934692168, 1000000, 386.28116864796186, 483.77008497621074, 322.50860373448137, 1000000, 1000000, 147.7846531626666, 1000000, 462.13889517168764, 208.57135773784486, 302.4023647895929, 1000000, 553.7773630984701, 1000000, 1000000, 441.6723662192038, 478.0551421469572, 1000000, 64.26205715359269, 351.6133596993974, 382.09878451926204, 1000000, 1000000, 139.83756593451096, 516.4262926364255, 1000000, 1000000, 263.0029864312411, 107.28952949348823, 366.1747217296292, 314.3273263408936, 1000000, 247.14465290092573, 142.34211016788925, 583.6239834197825, 1000000, 400.16084466083123, 498.1345896752945, 341.12406733811065, 1000000, 1000000, 161.5360207714214, 1000000, 591.6932200360445]
profit:   370.2609442072295    duration:   557.9989591099122


35C:
(True, 410.69721823101804, 562.6171030849005)
[[0, 0], [34, 11.0], [69, -11.0], [15, 14.0], [50, -14.0], [6, 14.0], [41, -14.0], [17, 8.0], [7, 6.0], [42, -6.0], [31, 7.0], [52, -8.0], [66, -7.0], [13, 11.0], [48, -11.0], [4, 11.0], [39, -11.0], [2, 10.0], [37, -10.0], [3, 14.0], [38, -14.0], [5, 12.0], [40, -12.0], [10, 12.0], [45, -12.0], [21, 11.0], [56, -11.0], [28, 5.0], [11, 10.0], [63, -5.0], [46, -10.0], [16, 8.0], [51, -8.0], [24, 10.0], [59, -10.0], [30, 9.0], [65, -9.0], [8, 12.0], [43, -12.0], [9, 10.0], [44, -10.0], [1, 9.0], [36, -9.0], [18, 8.0], [20, 7.0], [55, -7.0], [53, -8.0], [71, 0]] 
[67.22438098998613, 539.5420692914179, 238.29256235217176, 261.6709834169958, 211.19793232672663, 288.9774058956865, 133.60163290646156, 151.00246493955348, 500.01223175844336, 523.2868280621558, 309.8227552201764, 393.8061863131185, 1000000, 193.86099971971808, 1000000, 117.99982481677567, 427.4808420851532, 142.0444379664974, 565.5874331585816, 1000000, 579.7982355985133, 356.136213833135, 1000000, 1000000, 463.20953468921243, 1000000, 1000000, 1000000, 375.41483828688007, 1000000, 481.6533209851054, 169.7832238836177, 1000000, 1000000, 85.67381068456919, 1000000, 556.769099812863, 248.47369883097412, 286.0811159110202, 230.97842685305883, 308.28192549068, 136.3446989373839, 162.40384394692924, 511.31704206202653, 530.4655135267795, 344.04943784580576, 423.2824534304358, 1000000, 202.8920621710579, 1000000, 118.86617968890533, 454.07057780125194, 173.20004403664976, 608.2705749378104, 1000000, 582.6371049352583, 368.1622373049636, 1000000, 1000000, 479.0000000000001, 1000000, 1000000, 1000000, 406.9997621909631, 1000000, 493.7671404075666, 182.2936940505294, 1000000, 1000000, 108.87844812228661, 1000000, 629.8414840748866]
profit:   410.69721823101804    duration:   562.6171030849005

35D:
(True, 436.81228336436106, 581.1844322319816)
 [[0, 0], [10, 9.0], [9, 7.0], [45, -9.0], [7, 6.0], [42, -6.0], [13, 12.0], [48, -12.0], [44, -7.0], [15, 15.0], [31, 5.0], [66, -5.0], [50, -15.0], [27, 16.0], [62, -16.0], [6, 20.0], [41, -20.0], [23, 11.0], [11, 8.0], [46, -8.0], [58, -11.0], [24, 7.0], [34, 11.0], [69, -11.0], [16, 7.0], [51, -7.0], [59, -7.0], [18, 14.0], [53, -14.0], [12, 18.0], [47, -18.0], [32, 15.0], [67, -15.0], [3, 16.0], [38, -16.0], [19, 19.0], [54, -19.0], [28, 8.0], [14, 12.0], [49, -12.0], [20, 7.0], [63, -8.0], [29, 13.0], [55, -7.0], [64, -13.0], [30, 12.0], [65, -12.0], [17, 14.0], [52, -14.0], [71, 0]] 
 [94.93055462395179, 1000000, 1000000, 462.03731875686964, 1000000, 1000000, 280.45378725386144, 157.51661010939517, 1000000, 145.30160653993553, 125.55189574458464, 326.4109053297099, 439.83494250418715, 171.75314671434856, 523.3469695327791, 199.67909396566407, 402.71330239258845, 644.9571638947767, 417.9415045161477, 491.27557975754826, 545.7587783398469, 1000000, 1000000, 315.6497983931536, 353.20459424644696, 1000000, 1000000, 238.8946749367063, 515.3602671782401, 561.7738651127563, 610.5776061267385, 203.00000000000003, 451.7902224889212, 1000000, 364.213109839185, 1000000, 1000000, 1000000, 486.370371400511, 1000000, 1000000, 308.21413981826527, 164.64823154556888, 1000000, 189.2189606371639, 153.59928563229985, 333.9198300515125, 449.66311641549385, 187.01052778876627, 529.3675122203551, 228.63899648111186, 411.1549294137649, 657.3654980895698, 429.53284446361613, 506.27485802989446, 567.6671253428814, 1000000, 1000000, 340.03664427543663, 416.35392695582675, 1000000, 1000000, 251.29576128183137, 548.4772786617156, 586.7838535341301, 632.6863027188037, 215.76653319271554, 457.42571005509876, 1000000, 387.91237791977255, 1000000, 676.1149868559335]
profit:   436.81228336436106    duration:   581.1844322319816


40A:
(True, 371.25086118788704, 548.2545526166293)
[[0, 0], [16, 11.0], [56, -11.0], [30, 11.0], [70, -11.0], [10, 12.0], [50, -12.0], [31, 6.0], [71, -6.0], [11, 8.0], [51, -8.0], [1, 7.0], [41, -7.0], [3, 15.0], [43, -15.0], [35, 6.0], [75, -6.0], [26, 13.0], [66, -13.0], [22, 10.0], [62, -10.0], [18, 11.0], [58, -11.0], [19, 7.0], [39, 8.0], [79, -8.0], [6, 5.0], [46, -5.0], [8, 8.0], [59, -7.0], [48, -8.0], [13, 15.0], [53, -15.0], [5, 12.0], [45, -12.0], [15, 11.0], [55, -11.0], [7, 10.0], [4, 5.0], [44, -5.0], [47, -10.0], [33, 10.0], [73, -10.0], [27, 6.0], [67, -6.0], [81, 0]] 
[81.10344658709988, 213.2270989347764, 1000000, 256.0, 554.9568660902573, 506.06830782065805, 440.2540424409902, 548.0479505619144, 458.66672911769575, 1000000, 145.45967746195385, 199.1896619348105, 1000000, 474.31341287596376, 1000000, 532.5675408771142, 94.00687093959877, 1000000, 352.9854931651841, 402.0, 1000000, 1000000, 326.5530700552458, 1000000, 1000000, 1000000, 310.9463657454897, 590.4276341014869, 1000000, 1000000, 122.04774110637373, 190.0, 1000000, 572.8627296350578, 1000000, 291.47577323028344, 1000000, 1000000, 1000000, 425.5938266313693, 1000000, 238.97152414418593, 1000000, 262.2768910598989, 565.1697409303795, 507.4531089381621, 443.0301998832397, 565.7499279691867, 472.83962878202203, 1000000, 160.21943282916777, 201.8923731661484, 1000000, 485.5688468426208, 1000000, 540.7781241846509, 103.63096237723587, 1000000, 370.8939414724949, 470.63803540490693, 1000000, 1000000, 342.9099769265638, 1000000, 1000000, 1000000, 319.73597973018775, 604.8859269580038, 1000000, 1000000, 131.40475243478411, 198.87040933541275, 1000000, 585.0, 1000000, 304.75102882522816, 1000000, 1000000, 1000000, 436.90992035888854, 1000000, 629.3579992037292]
profit:   371.25086118788704    duration:   548.2545526166293

40B:
(True, 356.0213647645286, 567.0882798254346)
[[0, 0], [11, 20.0], [51, -20.0], [24, 19.0], [64, -19.0], [15, 7.0], [55, -7.0], [26, 5.0], [66, -5.0], [34, 17.0], [74, -17.0], [2, 20.0], [42, -20.0], [39, 8.0], [79, -8.0], [25, 14.0], [65, -14.0], [20, 20.0], [60, -20.0], [10, 16.0], [50, -16.0], [31, 5.0], [3, 9.0], [43, -9.0], [71, -5.0], [22, 12.0], [12, 7.0], [52, -7.0], [62, -12.0], [19, 16.0], [59, -16.0], [8, 12.0], [48, -12.0], [9, 9.0], [37, 7.0], [77, -7.0], [49, -9.0], [30, 18.0], [70, -18.0], [17, 19.0], [57, -19.0], [7, 20.0], [47, -20.0], [27, 12.0], [67, -12.0], [81, 0]] 
[20.161207458057383, 1000000, 174.61162176671434, 319.6603137882401, 1000000, 1000000, 1000000, 541.5598114422944, 397.5131751976129, 427.22910372424445, 278.39197701291243, 23.3227663569679, 345.99997924251835, 1000000, 1000000, 102.25497951849506, 1000000, 500.96050873561404, 1000000, 375.4512923668586, 256.854195164246, 1000000, 342.1160633081931, 1000000, 53.88877222085746, 234.36433753262804, 123.34936104038462, 559.0, 1000000, 1000000, 485.2863513225572, 296.86114855985704, 1000000, 1000000, 135.77945254365954, 1000000, 1000000, 447.06079609333443, 1000000, 209.0676029872602, 1000000, 1000000, 188.64282626082516, 328.7481200599366, 1000000, 1000000, 1000000, 551.6587877638306, 413.2293379325527, 481.48591434110364, 292.7152023567378, 44.92532989829543, 354.0372356130415, 1000000, 1000000, 117.0, 1000000, 518.381292641953, 1000000, 391.9444630670142, 270.4431070070713, 1000000, 363.7205413631457, 1000000, 85.82332798859704, 253.99707139198827, 127.59517736354321, 574.0, 1000000, 1000000, 499.65085602164095, 337.55363851429235, 1000000, 1000000, 161.24494811542772, 1000000, 1000000, 455.8218532792169, 1000000, 220.73068510563695, 1000000, 587.2494872834919]
profit:   356.0213647645286    duration:   567.0882798254346


40C:
(True, 476.93004083507606, 535.009609844129)
[[0, 0], [6, 14.0], [46, -14.0], [37, 5.0], [77, -5.0], [15, 14.0], [55, -14.0], [35, 13.0], [75, -13.0], [40, 8.0], [31, 7.0], [71, -7.0], [80, -8.0], [12, 10.0], [52, -10.0], [4, 11.0], [44, -11.0], [7, 6.0], [47, -6.0], [13, 11.0], [53, -11.0], [14, 15.0], [54, -15.0], [39, 7.0], [79, -7.0], [36, 11.0], [76, -11.0], [21, 11.0], [61, -11.0], [28, 5.0], [25, 7.0], [68, -5.0], [16, 8.0], [56, -8.0], [65, -7.0], [24, 10.0], [64, -10.0], [30, 9.0], [70, -9.0], [8, 12.0], [48, -12.0], [1, 9.0], [38, 5.0], [41, -9.0], [20, 7.0], [60, -7.0], [9, 10.0], [78, -5.0], [49, -10.0], [81, 0]] 
[72.47290232149706, 529.3554658878539, 1000000, 1000000, 226.12666157957372, 1000000, 86.73655308138319, 241.88218001288683, 503.35891077333787, 573.5046788831969, 1000000, 1000000, 193.94366706403082, 263.5231145892314, 292.3608747084491, 137.2094818758943, 427.5793182695803, 1000000, 1000000, 1000000, 563.409292227587, 360.7112599995722, 1000000, 1000000, 465.6717733757385, 405.2468970746544, 1000000, 1000000, 375.67458686907685, 1000000, 484.9999999999999, 172.80662014650233, 1000000, 1000000, 1000000, 142.06423112316293, 331.4095565864118, 107.07791727511598, 539.3961530406339, 307.2449670608487, 164.53042451691758, 549.0, 1000000, 1000000, 239.28069043958465, 1000000, 94.92480989010657, 253.2835590202626, 518.4319911781154, 589.5378734119618, 1000000, 1000000, 224.15722509183004, 275.5645311910178, 302.7968932126771, 137.59067801963135, 445.26149252078596, 1000000, 1000000, 1000000, 566.6110245622618, 372.7372834714007, 1000000, 1000000, 481.4622386865262, 458.54208869848856, 1000000, 1000000, 413.48704363061586, 1000000, 497.1138194224611, 183.84571288297502, 1000000, 1000000, 1000000, 154.5561129491952, 354.3448437741314, 116.69292095864421, 578.1494287941762, 322.08528546208254, 188.63875247179544, 607.4825121656261]
profit:   476.93004083507606    duration:   535.009609844129



40D:
(True, 503.4662442074691, 504.81418710965977)
 [[0, 0], [15, 15.0], [55, -15.0], [37, 12.0], [77, -12.0], [38, 5.0], [78, -5.0], [7, 6.0], [47, -6.0], [13, 12.0], [53, -12.0], [10, 9.0], [50, -9.0], [11, 8.0], [51, -8.0], [27, 16.0], [67, -16.0], [1, 9.0], [31, 5.0], [71, -5.0], [23, 11.0], [41, -9.0], [24, 7.0], [63, -11.0], [16, 7.0], [56, -7.0], [64, -7.0], [26, 11.0], [66, -11.0], [18, 14.0], [58, -14.0], [12, 18.0], [52, -18.0], [32, 15.0], [72, -15.0], [19, 19.0], [59, -19.0], [28, 8.0], [20, 7.0], [68, -8.0], [14, 12.0], [60, -7.0], [54, -12.0], [40, 7.0], [80, -7.0], [30, 12.0], [70, -12.0], [17, 14.0], [57, -14.0], [81, 0]] 
[93.99679431667326, 298.17186680131556, 1000000, 1000000, 1000000, 1000000, 1000000, 185.93613873299688, 1000000, 1000000, 225.43844779469475, 252.24855477542954, 431.52969563844044, 198.39644654575534, 517.9380597334207, 120.92365646593264, 370.07776953363606, 581.226211410506, 409.3222289187562, 463.2937713511751, 504.43911747512277, 1000000, 1000000, 326.16412866788585, 338.1280779767131, 1000000, 387.4250607801591, 267.3679500932043, 484.3348467071712, 1000000, 557.7669571450149, 309.011957601001, 443.4849756231745, 1000000, 1000000, 1000000, 1000000, 144.0, 171.9685743331264, 1000000, 546.9952094606807, 334.33036690840765, 1000000, 1000000, 1000000, 1000000, 1000000, 193.06776016917058, 1000000, 1000000, 242.76405082893285, 258.9064680287612, 441.35786954974714, 218.73962131164564, 530.1464169445982, 131.39975575192642, 378.0, 589.4362370431511, 422.39516870913417, 478.2930496235213, 524.8755379856389, 1000000, 1000000, 351.2960279477234, 383.1989975420619, 1000000, 395.2532652358437, 274.9204914011376, 507.50509528174155, 1000000, 572.0, 315.90588552506733, 449.12046318935205, 1000000, 1000000, 1000000, 1000000, 169.0258782903792, 177.16660105355726, 1000000, 552.4140886616688, 598.810981426333]
profit:   503.4662442074691    duration:   504.81418710965977



45A:
(True, 391.075277081111, 401.26916550304924)
[[0, 0], [31, 6.0], [11, 8.0], [56, -8.0], [76, -6.0], [1, 7.0], [46, -7.0], [36, 15.0], [81, -15.0], [3, 15.0], [48, -15.0], [23, 10.0], [68, -10.0], [26, 13.0], [71, -13.0], [22, 10.0], [67, -10.0], [45, 11.0], [90, -11.0], [19, 7.0], [8, 8.0], [64, -7.0], [53, -8.0], [6, 5.0], [51, -5.0], [13, 15.0], [58, -15.0], [5, 12.0], [50, -12.0], [41, 13.0], [86, -13.0], [15, 11.0], [60, -11.0], [7, 10.0], [4, 5.0], [52, -10.0], [27, 6.0], [49, -5.0], [72, -6.0], [91, 0]] 
[186.21654516358655, 215.67409175519197, 1000000, 282.5427415694812, 540.2443797773193, 479.6385546700243, 441.9107443240527, 532.4523697829476, 419.41419665132514, 1000000, 1000000, 196.59136459695563, 1000000, 453.3123146609937, 1000000, 518.28339375992, 1000000, 1000000, 1000000, 402.0, 1000000, 1000000, 349.8204247168098, 291.0612908449776, 1000000, 1000000, 330.7795470854079, 565.002225602111, 1000000, 1000000, 1000000, 190.0, 1000000, 1000000, 1000000, 1000000, 255.47476725681275, 1000000, 1000000, 1000000, 1000000, 491.9199456849025, 1000000, 1000000, 1000000, 371.0, 238.50081544086842, 1000000, 288.8196326293801, 577.2960696466195, 481.0233557875283, 444.37227058951396, 553.0926204350903, 435.000464903429, 1000000, 1000000, 198.61839802045904, 1000000, 466.00641311962954, 1000000, 527.0, 1000000, 1000000, 1000000, 431.3855029385363, 1000000, 1000000, 364.3235488093784, 320.9363606983684, 1000000, 1000000, 339.56916107010596, 581.3676926052043, 1000000, 1000000, 1000000, 201.3961262666993, 1000000, 1000000, 1000000, 1000000, 264.0527228972354, 1000000, 1000000, 1000000, 1000000, 506.98845722844715, 1000000, 1000000, 1000000, 380.0, 587.4857106666357]
profit:   391.0752770811111    duration:   401.2691655030491

45B:
(True, 371.62984279525597, 507.96801613781236)
 [[0, 0], [15, 7.0], [60, -7.0], [26, 5.0], [71, -5.0], [43, 9.0], [88, -9.0], [34, 17.0], [79, -17.0], [39, 8.0], [84, -8.0], [32, 20.0], [77, -20.0], [20, 20.0], [65, -20.0], [44, 12.0], [89, -12.0], [10, 16.0], [55, -16.0], [31, 5.0], [3, 9.0], [48, -9.0], [12, 7.0], [76, -5.0], [45, 10.0], [90, -10.0], [57, -7.0], [19, 16.0], [64, -16.0], [8, 12.0], [37, 7.0], [82, -7.0], [53, -12.0], [9, 9.0], [54, -9.0], [30, 18.0], [75, -18.0], [17, 19.0], [62, -19.0], [7, 20.0], [52, -20.0], [27, 12.0], [72, -12.0], [91, 0]] 
[84.39227983425914, 1000000, 1000000, 332.9121937283036, 1000000, 1000000, 1000000, 551.5130226804482, 396.88477698453016, 453.45115192431354, 276.77075900364486, 1000000, 348.8623728585672, 1000000, 1000000, 95.73099867227178, 1000000, 507.95105215718297, 1000000, 374.8228941537758, 246.33040908739125, 1000000, 1000000, 1000000, 1000000, 1000000, 121.06889224098627, 568.2121636716915, 1000000, 1000000, 471.61222026514696, 315.8128198070163, 215.9594815602743, 1000000, 151.6264278236802, 1000000, 1000000, 415.0, 1000000, 176.40392550125182, 1000000, 1000000, 1000000, 131.16832772240926, 264.27279799182975, 354.0097778819908, 1000000, 1000000, 342.0, 1000000, 1000000, 1000000, 561.6119990019844, 439.4513861326218, 465.89727743589344, 312.13674750691723, 1000000, 371.3924523293002, 1000000, 1000000, 110.47601915377672, 1000000, 525.3718360635219, 1000000, 391.3160648539315, 255.3670354628701, 1000000, 1000000, 1000000, 1000000, 1000000, 125.31470856414487, 586.9942536222572, 1000000, 1000000, 507.08013310239085, 351.3144088493308, 244.38602108115563, 1000000, 167.13548903656155, 1000000, 1000000, 426.0, 1000000, 193.94239485219433, 1000000, 1000000, 1000000, 146.751533007523, 273.41117767502647, 361.8951580567192, 592.3602959720715]
profit:   371.62984279525597    duration:   507.96801613781236


45C:
(True, 481.2279869569035, 484.2052258547671)

 [[0, 0], [6, 14.0], [51, -14.0], [41, 8.0], [86, -8.0], [37, 5.0], [82, -5.0], [13, 11.0], [58, -11.0], [2, 10.0], [47, -10.0], [15, 14.0], [60, -14.0], [7, 6.0], [40, 8.0], [52, -6.0], [85, -8.0], [4, 11.0], [49, -11.0], [14, 15.0], [59, -15.0], [39, 7.0], [84, -7.0], [26, 15.0], [71, -15.0], [21, 11.0], [66, -11.0], [11, 10.0], [56, -10.0], [16, 8.0], [61, -8.0], [30, 9.0], [45, 5.0], [90, -5.0], [75, -9.0], [8, 12.0], [53, -12.0], [10, 12.0], [55, -12.0], [24, 10.0], [38, 5.0], [69, -10.0], [20, 7.0], [65, -7.0], [83, -5.0], [9, 10.0], [54, -10.0], [91, 0]] 
[122.59270744568454, 1000000, 181.64815223954065, 1000000, 253.3482331834236, 1000000, 133.31725688920795, 207.9086127433707, 462.66582313955894, 581.936608400934, 496.8658571220299, 376.9258805807601, 1000000, 157.5700881477939, 276.1180824118054, 198.09900878070687, 401.2501500613109, 1000000, 1000000, 1000000, 570.2620802494928, 347.0, 1000000, 1000000, 533.2132220853363, 1000000, 319.3501754578579, 1000000, 1000000, 1000000, 430.96174953646135, 1000000, 1000000, 1000000, 1000000, 1000000, 1000000, 145.4891496786873, 546.5730459826503, 291.002174764205, 216.99999999999991, 141.75276946796083, 1000000, 1000000, 1000000, 436.5209758725666, 1000000, 193.13063699006963, 1000000, 266.50226204343454, 1000000, 136.97467826377107, 221.40684414432144, 479.66553788178925, 589.1152938655578, 520.4587713719578, 397.52757878746144, 1000000, 171.15063318740266, 286.5541009160334, 198.4802049244439, 424.82638239625174, 1000000, 1000000, 1000000, 572.3912322520515, 362.0, 1000000, 1000000, 550.3736944799466, 1000000, 338.2158788173937, 1000000, 1000000, 1000000, 460.13656114245384, 1000000, 1000000, 1000000, 1000000, 1000000, 1000000, 150.33279815084063, 578.8478497101328, 313.3184430367371, 236.74139644369498, 142.45488542386488, 1000000, 1000000, 1000000, 452.99191935647184, 606.7979333004516]
profit:   481.2279869569035    duration:   484.2052258547671


45D:
(True, 546.3816498897583, 505.461302031268)
[[0, 0], [4, 20.0], [49, -20.0], [37, 12.0], [2, 5.0], [82, -12.0], [38, 5.0], [83, -5.0], [7, 6.0], [52, -6.0], [47, -5.0], [15, 15.0], [60, -15.0], [27, 16.0], [72, -16.0], [41, 18.0], [86, -18.0], [13, 12.0], [42, 5.0], [58, -12.0], [23, 11.0], [87, -5.0], [68, -11.0], [44, 8.0], [11, 8.0], [56, -8.0], [89, -8.0], [39, 9.0], [26, 11.0], [71, -11.0], [84, -9.0], [32, 15.0], [77, -15.0], [12, 18.0], [57, -18.0], [8, 18.0], [53, -18.0], [16, 7.0], [61, -7.0], [18, 14.0], [63, -14.0], [40, 7.0], [85, -7.0], [28, 8.0], [20, 7.0], [73, -8.0], [14, 12.0], [59, -12.0], [65, -7.0], [45, 15.0], [90, -15.0], [43, 16.0], [88, -16.01, [91, 0]]
[91.52447271279829, 1000000, 149.92454459604312, 1000000, 124.13342418942464, 1000000, 1000000, 174.80339110640688, 429.7990713488419, 1000000, 1000000, 330.6468310294198, 409.0, 266.0, 552.9406394524328, 203.36925497879454, 464.4716796887595, 1000000, 474.5617041414715, 1000000, 534.1859932974245, 1000000, 1000000, 296.0361568672995, 1000000, 1000000, 362.8740956271138, 222.93872249541542, 519.1077902214608, 1000000, 1000000, 1000000, 395.49390099916167, 1000000, 1000000, 1000000, 1000000, 140.26178359051266, 163.02821112639631, 355.0798144082669, 500.3459449765892, 239.02216628459064, 291.0037062660599, 598.2785869986012, 321.6917547702332, 576.8948737160273, 1000000, 200.43395495154007, 1000000, 127.56102757955017, 1000000, 1000000, 181.93501254258058, 458.7759282457978, 1000000, 1000000, 335.6402659694185, 425.1376188914048, 292.73200716578776, 558.9611821400089, 213.84535426478834, 471.95658898086924, 1000000, 487.6346439318495, 1000000, 566.88731591288, 1000000, 1000000, 318.1305214008637, 1000000, 1000000, 370.7023000827984, 235.33980884054048, 537.2519711040433, 1000000, 1000000, 1000000, 401.12938856533924, 1000000, 1000000, 1000000, 1000000, 160.0855150836491, 168.22623784682716, 388.3511915848163, 509.2436108251251, 264.66528307319845, 308.6989318211587, 612.6153908253868, 344.18865718462024, 587.1618903469674, 632.5542649593519]
profit:   551.4986803524976    duration:   541.0297922465536


50A:
(True, 468.5641741214322, 493.1275735323005)

[[0, 0], [10, 12.0], [60, -12.0], [14, 8.0], [64, -8.0], [31, 6.0], [11, 8.0], [81, -6.0], [61, -8.0], [1, 7.0], [51, -7.0], [36, 15.0], [86, -15.0], [3, 15.0], [53, -15.0], [50, 9.0], [42, 5.0], [100, -9.0], [35, 6.0], [92, -5.0], [85, -6.0], [26, 13.0], [76, -13.0], [45, 11.0], [95, -11.0], [39, 8.0], [89, -8.0], [8, 8.0], [19, 7.0], [58, -8.0], [69, -7.0], [5, 12.0], [55, -12.0], [48, 7.0], [98, -7.0], [41, 13.0], [91, -13.0], [15, 11.0], [65, -11.0], [7, 10.0], [4, 5.0], [54, -5.0], [57, -10.0], [33, 10.0], [83, -10.0], [27, 6.0], [77, -6.0], [101, 0]] 
[122.83538440982726, 218.07892171549435, 1000000, 281.5450873793286, 547.7665773774386, 476.6406529587933, 1000000, 540.8576618490956, 438.9039912205858, 1000000, 129.27906951834845, 199.9118264615874, 1000000, 1000000, 167.35508535974648, 524.4578476560991, 1000000, 1000000, 1000000, 456.31818787191094, 1000000, 1000000, 1000000, 1000000, 1000000, 1000000, 352.66395384252405, 589.8125022366518, 1000000, 1000000, 1000000, 190.0, 1000000, 565.1585980737918, 1000000, 330.5408980887511, 257.8309002343441, 1000000, 1000000, 407.75055304339094, 1000000, 503.1423509481691, 296.46245984750476, 1000000, 1000000, 381.5655200989065, 1000000, 1000000, 489.41669493298923, 1000000, 287.70357017757516, 235.19896447975168, 1000000, 285.3678556188159, 557.9794522175607, 477.48402807546864, 1000000, 558.8519139300529, 470.7634168766723, 1000000, 144.03882488556238, 202.96595402399032, 1000000, 1000000, 176.39396639354436, 535.405292066148, 1000000, 1000000, 1000000, 472.71549633771434, 1000000, 1000000, 1000000, 1000000, 1000000, 1000000, 365.88141848116777, 602.0583714388747, 1000000, 1000000, 1000000, 200.50303497899063, 1000000, 585.0, 1000000, 345.67673175200355, 263.05506870708274, 1000000, 1000000, 422.8386780134166, 1000000, 513.1629111246262, 333.59086034625113, 1000000, 1000000, 388.47651531124984, 1000000, 1000000, 495.53045309750865, 1000000, 309.2727850083671, 615.9629579421278]
profit:   468.5641741214322    duration:   493.1275735323005

50B :  
(True, 474.12734156944424, 491.4089040327826)
 [[0, 0], [15, 7.0], [26, 5.0], [65, -7.0], [43, 9.0], [76, -5.0], [93, -9.0], [34, 17.0], [84, -17.0], [39, 8.0], [89, -8.0], [41, 6.0], [91, -6.0], [20, 20.0], [70, -20.0], [44, 12.0], [94, -12.0], [42, 13.0], [92, -13.0], [23, 5.0], [3, 9.0], [53, -9.0], [73, -5.0], [31, 5.0], [33, 12.0], [81, -5.0], [12, 7.0], [62, -7.0], [83, -12.0], [48, 11.0], [98, -11.0], [8, 12.0], [58, -12.0], [9, 9.0], [59, -9.0], [47, 20.0], [97, -20.0], [37, 7.0], [87, -7.0], [17, 19.0], [67, -19.0], [5, 11.0], [1, 6.0], [51, -6.0], [55, -11.0], [27, 12.0], [77, -12.0], [101, 0]] 

[90.79346996744555, 548.0250208927154, 1000000, 304.78790099580306, 1000000, 532.3088260775743, 1000000, 1000000, 392.58911228039705, 424.09448455483886, 1000000, 1000000, 358.4506842053256, 1000000, 1000000, 99.42635817365972, 1000000, 491.84332071758905, 1000000, 1000000, 237.6343313306535, 1000000, 1000000, 296.0, 1000000, 1000000, 105.38554961459849, 563.9908088106606, 1000000, 1000000, 1000000, 331.9530621540714, 1000000, 338.99094439384635, 151.72575418541516, 1000000, 1000000, 473.38754340939255, 1000000, 179.4146202373132, 1000000, 210.8397997933707, 271.92759236908256, 129.79946944573572, 261.2673362512529, 1000000, 1000000, 446.563430439319, 377.2235673833131, 1000000, 1000000, 551.2219892222425, 1000000, 310.3225800033776, 1000000, 556.6328961141141, 1000000, 1000000, 408.30527501533686, 440.6893185702787, 1000000, 1000000, 366.4879405758488, 1000000, 1000000, 116.40682470638167, 1000000, 520.447817748985, 1000000, 1000000, 251.22324317347883, 1000000, 1000000, 323.7717847604836, 1000000, 1000000, 135.65308860400012, 574.1331373839661, 1000000, 1000000, 1000000, 352.3962743515883, 1000000, 375.2558044120406, 165.47712179416996, 1000000, 1000000, 482.148600595275, 1000000, 194.96539639514887, 1000000, 226.9967202997667, 283.5443995227046, 146.85085936925796, 266.2020612801791, 1000000, 1000000, 465.0, 386.5684103279666, 1000000, 1000000, 582.2023740002281]
profit:   474.12734156944424    duration:   491.4089040327826

50C:
(True, 564.1504877035607, 527.5491119833778)
 [[0, 0], [6, 14.0], [56, -14.0], [41, 8.0], [91, -8.0], [37, 5.0], [87, -5.0], [4, 11.0], [54, -11.0], [2, 10.0], [52, -10.0], [15, 14.0], [65, -14.0], [7, 6.0], [57, -6.0], [3, 14.0], [53, -14.0], [5, 12.0], [55, -12.0], [14, 15.0], [64, -15.0], [39, 7.0], [89, -7.0], [47, 9.0], [97, -9.0], [21, 11.0], [71, -11.0], [45, 5.0], [30, 9.0], [95, -5.0], [80, -9.0], [8, 12.0], [58, -12.0], [28, 5.0], [78, -5.0], [16, 8.0], [25, 7.0], [66, -8.0], [75, -7.0], [24, 10.0], [74, -10.0], [9, 10.0], [59, -10.0], [33, 8.0], [23, 6.0], [83, -8.0], [20, 7.0], [70, -7.0], [1, 9.0], [73, -6.0], [51, -9.0], [27, 14.0], [77, -14.0], [101, 0]] 
[125.65649432010973, 599.214243172003, 184.86390010691008, 238.38439334830903, 166.84597113998908, 265.6908158269997, 132.7883197000528, 218.62289768368342, 429.6371227674457, 533.5740543778526, 1000000, 1000000, 1000000, 1000000, 294.2862477830049, 208.6862283397739, 460.4184930854352, 1000000, 1000000, 1000000, 582.1305128211051, 367.72408162318516, 1000000, 562.4499247959252, 502.20929491862205, 473.75017456724174, 1000000, 649.7607170074741, 446.55845403452525, 1000000, 396.5551360266114, 1000000, 1000000, 553.9252177763312, 1000000, 1000000, 1000000, 142.79416977529803, 1000000, 309.1703401354045, 1000000, 140.3094769351649, 1000000, 1000000, 1000000, 390.9959096905062, 1000000, 332.0139696158873, 1000000, 1000000, 1000000, 637.9960111251212, 203.71785654913666, 262.7945258423334, 180.0, 284.9953354219932, 135.53138573097513, 228.7321204035566, 444.71020317222326, 543.145634997351, 1000000, 1000000, 1000000, 1000000, 304.7222662872329, 209.19448986475663, 486.0916941859921, 1000000, 1000000, 1000000, 585.3322451557799, 379.75010509501374, 1000000, 624.1684889682053, 517.9997602294097, 497.8671561302217, 1000000, 651.9317898052922, 447.4762401710466, 1000000, 425.8337212680396, 1000000, 1000000, 578.0513490418074, 1000000, 1000000, 1000000, 147.63781824745135, 1000000, 328.9574313370496, 1000000, 140.7763840458411, 1000000, 1000000, 1000000, 418.6890794820576, 1000000, 347.6381005197168, 1000000, 1000000, 1000000, 653.2056063034875]
profit:   564.1504877035607    duration:   527.5491119833778


50D:
(True, 697.6645417864939, 517.1169931427972)

 [[0, 0], [4, 20.0], [54, -20.0], [48, 10.0], [98, -10.0], [7, 6.0], [57, -6.0], [37, 12.0], [2, 5.0], [87, -12.0], [38, 5.0], [88, -5.0], [15, 15.0], [52, -5.0], [65, -15.0], [27, 16.0], [77, -16.0], [41, 18.0], [91, -18.0], [11, 8.0], [13, 12.0], [61, -8.0], [63, -12.0], [31, 5.0], [1, 9.0], [81, -5.0], [42, 5.0], [51, -9.0], [24, 7.0], [92, -5.0], [23, 11.0], [73, -11.0], [44, 8.0], [94, -8.0], [16, 7.0], [66, -7.0], [74, -7.0], [18, 14.0], [68, -14.0], [14, 12.0], [64, -12.0], [12, 18.0], [62, -18.0], [32, 15.0], [82, -15.0], [3, 16.0], [53, -16.0], [19, 19.0], [69, -19.0], [40, 7.0], [90, -7.0], [49, 14.0], [99, -14.0], [47, 16.0], [97, -16.0], [29, 13.0], [79, -13.0], [5, 10.0], [55, -10.0], [34, 11.0], [84, -11.0], [101, 0]]
