
55a:

(True, 596.1008533571948, 570.1387777126093)
[[0, 0], [49, 6.0], [47, 8.0], [104, -6.0], [102, -8.0], [10, 12.0], [65, -12.0], [1, 7.0], [31, 6.0], [86, -6.0], [11, 8.0], [66, -8.0], [56, -7.0], [17, 5.0], [72, -5.0], [54, 13.0], [109, -13.0], [3, 15.0], [58, -15.0], [23, 10.0], [78, -10.0], [35, 6.0], [90, -6.0], [22, 10.0], [77, -10.0], [45, 11.0], [100, -11.0], [55, 9.0], [110, -9.0], [19, 7.0], [8, 8.0], [63, -8.0], [74, -7.0], [13, 15.0], [68, -15.0], [25, 10.0], [43, 5.0], [80, -10.0], [98, -5.0], [5, 12.0], [60, -12.0], [48, 7.0], [103, -7.0], [15, 11.0], [70, -11.0], [20, 10.0], [75, -10.0], [7, 10.0], [4, 5.0], [62, -10.0], [59, -5.0], [51, 12.0], [106, -12.0], [33, 10.0], [88, -10.0], [27, 6.0], [82, -6.0], [111, 0]] 
 596.1008533571948




55b:

(True, 694.1430165707674, 561.2226224071707)

[[0, 0], [11, 20.0], [66, -20.0], [16, 6.0], [15, 7.0], [26, 5.0], [70, -7.0], [71, -6.0], [81, -5.0], [34, 17.0], [89, -17.0], [2, 20.0], [57, -20.0], [28, 19.0], [83, -19.0], [39, 8.0], [94, -8.0], [25, 14.0], [80, -14.0], [44, 12.0], [99, -12.0], [20, 20.0], [75, -20.0], [10, 16.0], [65, -16.0], [31, 5.0], [45, 10.0], [86, -5.0], [12, 7.0], [100, -10.0], [3, 9.0], [58, -9.0], [22, 12.0], [67, -7.0], [77, -12.0], [13, 16.0], [68, -16.0], [29, 13.0], [84, -13.0], [8, 12.0], [63, -12.0], [9, 9.0], [64, -9.0], [30, 18.0], [85, -18.0], [17, 19.0], [72, -19.0], [7, 20.0], [62, -20.0], [1, 6.0], [41, 6.0], [56, -6.0], [53, 5.0], [96, -6.0], [40, 5.0], [108, -5.0], [95, -5.0], [27, 12.0], [50, 6.0], [82, -12.0], [105, -6.0], [111, 0]] 


55c:
(True, 667.2612148431235, 551.3456520960603)
 [[0, 0], [41, 8.0], [96, -8.0], [6, 14.0], [61, -14.0], [37, 5.0], [92, -5.0], [34, 11.0], [89, -11.0], [15, 14.0], [70, -14.0], [31, 7.0], [86, -7.0], [13, 11.0], [68, -11.0], [4, 11.0], [59, -11.0], [7, 6.0], [62, -6.0], [55, 15.0], [110, -15.0], [3, 14.0], [58, -14.0], [5, 12.0], [60, -12.0], [10, 12.0], [65, -12.0], [28, 5.0], [39, 7.0], [94, -7.0], [83, -5.0], [14, 15.0], [69, -15.0], [11, 10.0], [66, -10.0], [16, 8.0], [25, 7.0], [71, -8.0], [80, -7.0], [24, 10.0], [79, -10.0], [8, 12.0], [63, -12.0], [45, 5.0], [44, 8.0], [99, -8.0], [100, -5.0], [38, 5.0], [53, 6.0], [108, -6.0], [20, 7.0], [75, -7.0], [93, -5.0], [9, 10.0], [64, -10.0], [47, 9.0], [54, 6.0], [109, -6.0], [102, -9.0], [111, 0]] 





55d:  
 (True, 727.0073529615663, 485.81890539869755)
[[0, 0], [4, 20.0], [59, -20.0], [10, 9.0], [65, -9.0], [2, 5.0], [7, 6.0], [62, -6.0], [48, 10.0], [103, -10.0], [55, 5.0], [110, -5.0], [15, 15.0], [57, -5.0], [70, -15.0], [54, 6.0], [11, 8.0], [66, -8.0], [109, -6.0], [38, 5.0], [93, -5.0], [53, 7.0], [108, -7.0], [1, 9.0], [31, 5.0], [86, -5.0], [42, 5.0], [56, -9.0], [24, 7.0], [97, -5.0], [23, 11.0], [78, -11.0], [44, 8.0], [99, -8.0], [26, 11.0], [81, -11.0], [16, 7.0], [71, -7.0], [79, -7.0], [18, 14.0], [73, -14.0], [19, 19.0], [74, -19.0], [40, 7.0], [95, -7.0], [28, 8.0], [33, 8.0], [83, -8.0], [36, 9.0], [88, -8.0], [91, -9.0], [49, 14.0], [104, -14.0], [20, 7.0], [75, -7.0], [45, 15.0], [100, -15.0], [21, 7.0], [22, 6.0], [76, -7.0], [77, -6.0], [111, 0]] 



60a:
(True, 463.2193338152951, 492.73457931420245)
[[0, 0], [14, 8.0], [74, -8.0], [31, 6.0], [58, 8.0], [91, -6.0], [118, -8.0], [11, 8.0], [71, -8.0], [54, 13.0], [114, -13.0], [57, 7.0], [117, -7.0], [3, 15.0], [63, -15.0], [36, 15.0], [96, -15.0], [22, 10.0], [82, -10.0], [50, 9.0], [110, -9.0], [56, 7.0], [116, -7.0], [55, 9.0], [115, -9.0], [45, 11.0], [105, -11.0], [32, 6.0], [19, 7.0], [92, -6.0], [6, 5.0], [66, -5.0], [79, -7.0], [5, 12.0], [65, -12.0], [48, 7.0], [108, -7.0], [41, 13.0], [101, -13.0], [15, 11.0], [75, -11.0], [27, 6.0], [87, -6.0], [33, 10.0], [93, -10.0], [51, 12.0], [111, -12.0], [121, 0]] 
 463.2193338152951


60b:
(True, 582.5287591471592, 596.5747593582992)  
[[0, 0], [11, 20.0], [71, -20.0], [38, 13.0], [98, -13.0], [15, 7.0], [75, -7.0], [34, 17.0], [94, -17.0], [1, 6.0], [59, 6.0], [26, 5.0], [86, -5.0], [119, -6.0], [43, 9.0], [103, -9.0], [39, 8.0], [99, -8.0], [14, 7.0], [41, 6.0], [74, -7.0], [23, 5.0], [101, -6.0], [46, 8.0], [106, -8.0], [3, 9.0], [63, -9.0], [31, 5.0], [83, -5.0], [91, -5.0], [45, 10.0], [105, -10.0], [12, 7.0], [72, -7.0], [48, 11.0], [108, -11.0], [33, 12.0], [93, -12.0], [37, 7.0], [97, -7.0], [53, 12.0], [61, -6.0], [113, -12.0], [47, 20.0], [107, -20.0], [55, 8.0], [115, -20.0], [7, 20.0], [67, -20.0], [52, 6.0], [112, -6.0], [5, 11.0], [4, 9.0], [65, -11.0], [64, -20.0], [27, 12.0], [87, -12.0], [121, 0]] 



60c:  
(True, 692.2220757831092, 518.5990991338008)
[[0, 0], [41, 8.0], [101, -8.0], [37, 5.0], [97, -5.0], [6, 14.0], [66, -14.0], [15, 14.0], [75, -14.0], [48, 7.0], [108, -7.0], [4, 11.0], [64, -11.0], [2, 10.0], [62, -10.0], [7, 6.0], [67, -6.0], [43, 10.0], [103, -10.0], [42, 13.0], [102, -13.0], [14, 15.0], [74, -15.0], [55, 15.0], [115, -15.0], [39, 7.0], [99, -7.0], [47, 9.0], [107, -9.0], [27, 4.0], [87, -14.0], [21, 11.0], [81, -11.0], [54, 6.0], [114, -6.0], [52, 5.0], [16, 8.0], [112, -5.0], [24, 10.0], [84, -10.0], [76, -8.0], [45, 5.0], [57, 10.0], [105, -5.0], [8, 12.0], [117, -10.0], [38, 5.0], [68, -12.0], [1, 9.0], [28, 5.0], [88, -5.0], [61, -9.0], [9, 10.0], [98, -5.0], [69, -10.0], [33, 8.0], [20, 7.0], [80, -7.0], [93, -8.0], [121, 0]] 
 692.2220757831092




60d: 
(True, 781.7211664287231, 511.1911323199785)
[[0, 0], [4, 20.0], [64, -20.0], [48, 10.0], [108, -10.0], [55, 5.0], [15, 15.0], [75, -15.0], [10, 9.0], [22, 6.0], [115, -5.0], [70, -9.0], [7, 6.0], [67, -6.0], [53, 7.0], [113, -7.0], [82, -6.0], [27, 16.0], [87, -16.0], [38, 5.0], [98, -5.0], [1, 9.0], [31, 5.0], [91, -5.0], [42, 5.0], [102, -5.0], [61, -9.0], [23, 11.0], [11, 8.0], [83, -11.0], [44, 8.0], [71, -8.0], [104, -8.0], [58, 17.0], [118, -17.0], [32, 15.0], [92, -15.0], [24, 7.0], [9, 7.0], [69, -7.0], [34, 11.0], [94, -11.0], [39, 9.0], [99, -9.0], [14, 12.0], [74, -12.0], [16, 7.0], [76, -7.0], [84, -7.0], [19, 19.0], [79, -19.0], [40, 7.0], [100, -7.0], [28, 8.0], [88, -8.0], [51, 14.0], [111, -14.0], [47, 16.0], [107, -16.0], [45, 15.0], [105, -15.0], [49, 14.0], [109, -14.0], [121, 0]] 
 781.7211664287231




65a:  
(True, 745.2675331687889, 627.873677947715)
 [[0, 0], [65, 8.0], [17, 5.0], [130, -8.0], [49, 6.0], [114, -6.0], [82, -5.0], [30, 11.0], [95, -11.0], [31, 6.0], [96, -6.0], [14, 8.0], [79, -8.0], [11, 8.0], [76, -8.0], [61, 13.0], [126, -13.0], [54, 13.0], [119, -13.0], [57, 7.0], [122, -7.0], [36, 15.0], [101, -15.0], [63, 12.0], [128, -12.0], [60, 13.0], [125, -13.0], [35, 6.0], [100, -6.0], [26, 13.0], [91, -13.0], [22, 10.0], [87, -10.0], [3, 15.0], [68, -15.0], [45, 11.0], [110, -11.0], [42, 5.0], [107, -5.0], [53, 13.0], [118, -13.0], [55, 9.0], [120, -9.0], [39, 8.0], [104, -8.0], [6, 5.0], [71, -5.0], [52, 14.0], [117, -14.0], [5, 12.0], [70, -12.0], [48, 7.0], [113, -7.0], [41, 13.0], [106, -13.0], [43, 5.0], [7, 10.0], [108, -5.0], [4, 5.0], [72, -10.0], [27, 6.0], [69, -5.0], [2, 9.0], [92, -6.0], [67, -9.0], [46, 10.0], [111, -10.0], [131, 0]] 


65b:      
(True, 646.146130192743, 532.4371839300483)
 [[0, 0], [11, 20.0], [76, -20.0], [52, 13.0], [16, 6.0], [117, -13.0], [26, 5.0], [81, -6.0], [43, 9.0], [91, -5.0], [108, -9.0], [59, 6.0], [124, -6.0], [41, 6.0], [106, -6.0], [50, 6.0], [25, 14.0], [90, -14.0], [42, 13.0], [107, -13.0], [46, 8.0], [23, 5.0], [111, -8.0], [3, 9.0], [68, -9.0], [115, -6.0], [88, -5.0], [60, 9.0], [31, 5.0], [96, -5.0], [45, 10.0], [110, -10.0], [12, 7.0], [77, -7.0], [125, -9.0], [8, 12.0], [73, -12.0], [20, 20.0], [85, -20.0], [55, 20.0], [120, -20.0], [9, 9.0], [74, -9.0], [30, 18.0], [95, -18.0], [18, 16.0], [83, -16.0], [47, 20.0], [112, -20.0], [5, 11.0], [14, 7.0], [79, -7.0], [70, -11.0], [15, 7.0], [27, 12.0], [80, -7.0], [92, -12.0], [131, 0]] 


65c:  
(True, 717.3548301128743, 574.5493950103365)
[[0, 0], [60, 11.0], [125, -11.0], [34, 11.0], [99, -11.0], [15, 14.0], [80, -14.0], [7, 6.0], [41, 8.0], [106, -8.0], [72, -6.0], [40, 8.0], [31, 7.0], [96, -7.0], [105, -8.0], [13, 11.0], [78, -11.0], [4, 11.0], [69, -11.0], [29, 13.0], [94, -13.0], [42, 13.0], [107, -13.0], [55, 15.0], [120, -15.0], [58, 14.0], [123, -14.0], [36, 11.0], [101, -11.0], [62, 12.0], [127, -12.0], [61, 5.0], [126, -5.0], [8, 12.0], [73, -12.0], [11, 10.0], [76, -10.0], [21, 11.0], [86, -11.0], [54, 6.0], [119, -6.0], [53, 6.0], [118, -6.0], [9, 10.0], [74, -10.0], [57, 10.0], [122, -10.0], [38, 5.0], [103, -5.0], [1, 9.0], [52, 5.0], [117, -5.0], [66, -9.0], [18, 8.0], [20, 7.0], [83, -8.0], [85, -7.0], [65, 9.0], [130, -9.0], [131, 0]] 



65d:
(True, 790.9215444925331, 584.3748918173566)

[[0, 0], [48, 10.0], [113, -10.0], [61, 10.0], [7, 6.0], [126, -10.0], [38, 5.0], [103, -5.0], [64, 12.0], [129, -12.0], [54, 6.0], [72, -6.0], [9, 7.0], [74, -7.0], [119, -6.0], [53, 7.0], [118, -7.0], [1, 9.0], [31, 5.0], [96, -5.0], [42, 5.0], [107, -5.0], [66, -9.0], [23, 11.0], [88, -11.0], [44, 8.0], [11, 8.0], [76, -8.0], [109, -8.0], [26, 11.0], [91, -11.0], [57, 7.0], [122, -7.0], [60, 17.0], [125, -17.0], [12, 18.0], [77, -18.0], [32, 15.0], [97, -15.0], [8, 18.0], [73, -18.0], [18, 14.0], [83, -14.0], [14, 12.0], [79, -12.0], [20, 7.0], [29, 13.0], [85, -7.0], [94, -13.0], [30, 12.0], [95, -12.0], [5, 10.0], [70, -10.0], [28, 8.0], [93, -8.0], [49, 14.0], [114, -14.0], [59, 6.0], [65, 13.0], [124, -6.0], [130, -13.0], [131, 0]] 



70a:  
(True, 677.6185108675429, 526.3215945191012)

 [[0, 0], [16, 11.0], [86, -11.0], [30, 11.0], [100, -11.0], [31, 6.0], [14, 8.0], [84, -8.0], [101, -6.0], [11, 8.0], [81, -8.0], [61, 13.0], [131, -13.0], [1, 7.0], [66, 5.0], [71, -7.0], [17, 5.0], [87, -5.0], [136, -5.0], [36, 15.0], [106, -15.0], [63, 12.0], [133, -12.0], [3, 15.0], [73, -15.0], [50, 9.0], [120, -9.0], [26, 13.0], [96, -13.0], [22, 10.0], [92, -10.0], [54, 13.0], [124, -13.0], [45, 11.0], [115, -11.0], [55, 9.0], [125, -9.0], [19, 7.0], [8, 8.0], [89, -7.0], [78, -8.0], [6, 5.0], [76, -5.0], [5, 12.0], [75, -12.0], [48, 7.0], [118, -7.0], [28, 8.0], [98, -8.0], [69, 6.0], [139, -6.0], [4, 5.0], [7, 10.0], [77, -10.0], [74, -5.0], [51, 12.0], [121, -12.0], [27, 6.0], [97, -6.0], [141, 0]] 


70b:  
(True, 670.4753695523458, 586.1985697878921)
 [[0, 0], [11, 20.0], [81, -20.0], [24, 19.0], [94, -19.0], [26, 5.0], [96, -5.0], [43, 9.0], [113, -9.0], [59, 6.0], [40, 5.0], [110, -5.0], [14, 7.0], [41, 6.0], [84, -7.0], [129, -6.0], [111, -6.0], [20, 20.0], [90, -20.0], [50, 6.0], [42, 13.0], [112, -13.0], [46, 8.0], [23, 5.0], [116, -8.0], [3, 9.0], [73, -9.0], [120, -6.0], [93, -5.0], [31, 5.0], [45, 10.0], [115, -10.0], [12, 7.0], [101, -5.0], [82, -7.0], [15, 7.0], [85, -7.0], [8, 12.0], [78, -12.0], [37, 7.0], [107, -7.0], [9, 9.0], [1, 6.0], [79, -9.0], [71, -6.0], [17, 19.0], [87, -19.0], [30, 18.0], [100, -18.0], [7, 20.0], [77, -20.0], [66, 8.0], [136, -8.0], [10, 16.0], [80, -16.0], [27, 12.0], [97, -12.0], [52, 6.0], [122, -6.0], [69, 16.0], [139, -16.0], [141, 0]] 



70c:   
(True, 751.4984653094372, 623.6278235681676)

 [[0, 0], [67, 11.0], [137, -11.0], [6, 14.0], [76, -14.0], [41, 8.0], [111, -8.0], [37, 5.0], [107, -5.0], [34, 11.0], [104, -11.0], [35, 13.0], [105, -13.0], [15, 14.0], [85, -14.0], [48, 7.0], [7, 6.0], [77, -6.0], [118, -7.0], [13, 11.0], [83, -11.0], [2, 10.0], [72, -10.0], [29, 13.0], [99, -13.0], [3, 14.0], [73, -14.0], [43, 10.0], [113, -10.0], [42, 13.0], [112, -13.0], [55, 15.0], [125, -15.0], [14, 15.0], [84, -15.0], [39, 7.0], [109, -7.0], [10, 12.0], [80, -12.0], [62, 12.0], [132, -12.0], [16, 8.0], [45, 5.0], [86, -8.0], [30, 9.0], [100, -9.0], [57, 10.0], [115, -5.0], [127, -10.0], [54, 6.0], [124, -6.0], [52, 5.0], [51, 9.0], [121, -9.0], [122, -5.0], [9, 10.0], [70, 5.0], [79, -10.0], [1, 9.0], [140, -5.0], [71, -9.0], [38, 5.0], [108, -5.0], [20, 7.0], [90, -7.0], [141, 0]] 




70d: 
(True, 796.1916598065548, 530.5100626835804) 
  [[0, 0], [15, 15.0], [85, -15.0], [61, 10.0], [48, 10.0], [118, -10.0], [131, -10.0], [38, 5.0], [108, -5.0], [64, 12.0], [7, 6.0], [77, -6.0], [59, 8.0], [129, -8.0], [134, -12.0], [10, 9.0], [11, 8.0], [80, -9.0], [81, -8.0], [1, 9.0], [70, 9.0], [71, -9.0], [140, -9.0], [27, 16.0], [97, -16.0], [26, 11.0], [96, -11.0], [31, 5.0], [101, -5.0], [42, 5.0], [23, 11.0], [112, -5.0], [93, -11.0], [44, 8.0], [56, 9.0], [114, -8.0], [126, -9.0], [16, 7.0], [86, -7.0], [66, 17.0], [136, -17.0], [58, 17.0], [128, -17.0], [12, 18.0], [82, -18.0], [32, 15.0], [102, -15.0], [69, 11.0], [139, -11.0], [14, 12.0], [84, -12.0], [49, 14.0], [119, -14.0], [62, 19.0], [132, -19.0], [51, 14.0], [121, -14.0], [47, 16.0], [117, -16.0], [29, 13.0], [99, -13.0], [5, 10.0], [75, -10.0], [17, 14.0], [87, -14.0], [141, 0]] 



75a:  


(True, 768.3355340226717, 514.8513963899547)

 [[0, 0], [30, 11.0], [105, -11.0], [68, 5.0], [31, 6.0], [143, -5.0], [14, 8.0], [89, -8.0], [11, 8.0], [86, -8.0], [106, -6.0], [61, 13.0], [136, -13.0], [57, 7.0], [66, 5.0], [132, -7.0], [141, -5.0], [36, 15.0], [111, -15.0], [63, 12.0], [138, -12.0], [3, 15.0], [78, -15.0], [50, 9.0], [125, -9.0], [22, 10.0], [97, -10.0], [56, 7.0], [131, -7.0], [71, 11.0], [146, -11.0], [73, 15.0], [148, -15.0], [55, 9.0], [130, -9.0], [19, 7.0], [8, 8.0], [94, -7.0], [83, -8.0], [13, 15.0], [88, -15.0], [75, 5.0], [150, -5.0], [6, 5.0], [81, -5.0], [5, 12.0], [80, -12.0], [48, 7.0], [123, -7.0], [41, 13.0], [116, -13.0], [53, 13.0], [128, -13.0], [4, 5.0], [7, 10.0], [82, -10.0], [79, -5.0], [27, 6.0], [102, -6.0], [24, 14.0], [99, -14.0], [51, 12.0], [126, -12.0], [151, 0]] 
 



75b:
 (True, 738.9648383074474, 596.9513175561179)
 [[0, 0], [11, 20.0], [86, -20.0], [52, 13.0], [16, 6.0], [127, -13.0], [74, 12.0], [149, -12.0], [26, 5.0], [91, -6.0], [101, -5.0], [34, 17.0], [109, -17.0], [28, 19.0], [103, -19.0], [6, 14.0], [81, -14.0], [39, 8.0], [53, 5.0], [114, -8.0], [128, -5.0], [50, 6.0], [44, 12.0], [119, -12.0], [23, 5.0], [3, 9.0], [78, -9.0], [125, -6.0], [98, -5.0], [31, 5.0], [45, 10.0], [106, -5.0], [120, -10.0], [12, 7.0], [87, -7.0], [19, 16.0], [94, -16.0], [48, 11.0], [123, -11.0], [8, 12.0], [83, -12.0], [37, 7.0], [112, -7.0], [73, 14.0], [148, -14.0], [9, 9.0], [84, -9.0], [30, 18.0], [105, -18.0], [17, 19.0], [92, -19.0], [5, 11.0], [66, 8.0], [141, -8.0], [1, 6.0], [76, -6.0], [80, -11.0], [27, 12.0], [102, -12.0], [33, 12.0], [108, -12.0], [69, 16.0], [144, -16.0], [151, 0]] 


75c: 

(True, 819.1980630251616, 551.8878396076972)
[[0, 0], [37, 5.0], [112, -5.0], [67, 11.0], [142, -11.0], [15, 14.0], [90, -14.0], [35, 13.0], [110, -13.0], [31, 7.0], [106, -7.0], [41, 8.0], [116, -8.0], [13, 11.0], [88, -11.0], [46, 13.0], [121, -13.0], [7, 6.0], [82, -6.0], [2, 10.0], [77, -10.0], [19, 14.0], [94, -14.0], [55, 15.0], [130, -15.0], [14, 15.0], [89, -15.0], [39, 7.0], [114, -7.0], [47, 9.0], [122, -9.0], [62, 12.0], [137, -12.0], [61, 5.0], [54, 6.0], [129, -6.0], [68, 10.0], [143, -10.0], [30, 9.0], [136, -5.0], [105, -9.0], [8, 12.0], [83, -12.0], [45, 5.0], [25, 7.0], [100, -7.0], [16, 8.0], [91, -8.0], [57, 10.0], [120, -5.0], [132, -10.0], [24, 10.0], [99, -10.0], [53, 6.0], [66, 5.0], [141, -5.0], [63, 8.0], [138, -8.0], [128, -6.0], [20, 7.0], [95, -7.0], [9, 10.0], [84, -10.0], [23, 6.0], [98, -6.0], [151, 0]] 

75d:
(True, 911.3960238859553, 460.0735083823455)
 [[0, 0], [48, 10.0], [123, -10.0], [38, 5.0], [113, -5.0], [64, 12.0], [7, 6.0], [82, -6.0], [59, 6.0], [139, -12.0], [134, -6.0], [56, 17.0], [131, -17.0], [1, 9.0], [31, 5.0], [106, -5.0], [76, -9.0], [13, 12.0], [88, -12.0], [42, 5.0], [23, 11.0], [117, -5.0], [44, 8.0], [98, -11.0], [11, 8.0], [86, -8.0], [119, -8.0], [32, 15.0], [107, -15.0], [37, 12.0], [112, -12.0], [2, 5.0], [77, -5.0], [60, 17.0], [135, -17.0], [16, 7.0], [74, 5.0], [91, -7.0], [149, -5.0], [18, 14.0], [93, -14.0], [66, 17.0], [141, -17.0], [19, 19.0], [94, -19.0], [40, 7.0], [115, -7.0], [33, 8.0], [28, 8.0], [103, -8.0], [68, 11.0], [108, -8.0], [143, -11.0], [12, 18.0], [87, -18.0], [67, 8.0], [142, -8.0], [14, 12.0], [89, -12.0], [49, 14.0], [124, -14.0], [71, 9.0], [70, 9.0], [146, -9.0], [145, -9.0], [30, 12.0], [105, -12.0], [151, 0]] 
