10A
 [[0, 0], [6, 15.0], [16, -15.0], [3, 15.0], [13, -15.0], [21, 0]] 
 28.75140841955627 52.856169442639526

10B
[[0, 0], [2, 19.0], [12, -19.0], [5, 12.0], [15, -12.0], [4, 15.0], [14, -15.0], [21, 0]] 
 32.624445983346746 93.62089173916922

10C
[[0, 0], [2, 19.0], [12, -19.0], [7, 10.0], [17, -10.0], [3, 15.0], [13, -15.0], [5, 12.0], [15, -12.0], [21, 0]] 
 66.48322651272241 102.37437609491829

10D
[[0, 0], [8, 18.0], [18, -18.0], [10, 12.0], [20, -12.0], [6, 15.0], [16, -15.0], [4, 15.0], [14, -15.0], [21, 0]] 
90.85353638809516 74.11578030549299

15A
[[0, 0], [11, 18.0], [26, -18.0], [5, 12.0], [20, -12.0], [7, 10.0], [22, -10.0], [31, 0]] 
 43.767049695984525 82.22609368966937

15B
[[0, 0], [12, 7.0], [27, -7.0], [2, 20.0], [17, -20.0], [10, 16.0], [25, -16.0], [4, 20.0], [19, -20.0], [14, 7.0], [5, 11.0], [29, -7.0], [20, -11.0], [1, 6.0], [16, -6.0], [31, 0]] 
 106.71218800624138 189.71064724448837

15C
[[0, 0], [15, 14.0], [30, -14.0], [2, 10.0], [17, -10.0], [7, 6.0], [22, -6.0], [13, 11.0], [28, -11.0], [4, 11.0], [19, -11.0], [5, 12.0], [20, -12.0],[14,],[29,], [31, 0]] 
 109.79886759664328 181.71343534137205

15D
[[0, 0], [8, 18.0], [23, -18.0], [10, 9.0], [25, -9.0], [11, 8.0], [26, -8.0], [4, 20.0], [19, -20.0], [6, 20.0], [21, -20.0], [31, 0]] 
 101.47364520595295 105.49057549785726

20A
[[0, 0], [18, 11.0], [38, -11.0], [11, 18.0], [31, -18.0], [5, 12.0], [25, -12.0], [13, 15.0], [33, -15.0], [17, 15.0], [37, -15.0], [7, 10.0], [27, -10.0], [41, 0]] 
 89.32956854236915 166.29990553596548

20B
[[0, 0], [3, 9.0], [23, -9.0], [16,],[8,],[36,], [28, -12.0],[18, 16.0],[38, -16.0],[20, 20.0], [40, -20.0],[6,0],[26,], [17, 19.0],[37, -19.0], [12, 7.0], [32, -7.0],[2, 20.0], [22, -20.0], [4, 20.0],  [24, -20.0],[11,],[31,], [14, 7.0], [5, 11.0],[34, -7.0],[1, 6.0], [21, -6.0],[9,],[29,], [41, 0]] 

174.05940711930975 461.95299407213986


20C
[[0, 0], [6, 14.0], [26, -14.0], [17, 8.0], [37, -8.0], [15, 14.0], [35, -14.0], [2, 10.0], [22, -10.0], [7, 6.0], [27, -6.0], [3, 14.0], [23, -14.0], [5, 12.0], [25, -12.0], [10, 12.0], [30, -12.0], [14, 15.0], [34, -15.0], [11, 10.0], [31, -10.0], [16, 8.0], [36, -8.0], [8, 12.0], [28, -12.0], [41, 0]] 
126.1909096532255 382.728629446906

20D
[[0, 0], [7, 6.0], [27, -6.0], [2, 5.0], [14, 12.0], [22, -5.0], [34, -12.0], [19, 19.0], [39, -19.0], [17, 14.0], [37, -14.0], [3, 16.0], [23, -16.0], [15, 15.0], [35, -15.0], [16, 7.0], [36, -7.0], [8, 18.0], [28, -18.0], [10, 9.0], [11, 8.0], [31, -8.0], [30, -9.0], [6, 20.0], [26, -20.0], [4, 20.0], [24, -20.0], [20, 7.0], [40, -7.0], [12, 18.0], [32, -18.0], [9, 7.0], [29, -7.0], [41, 0]] 
220.40543339518348 457.8593679501369


25A
Best one  [[0, 0], [1, 7.0], [11, 8.0], [36, -8.0], [26, -7.0], [3, 15.0], [28, -15.0], [23, 10.0], [48, -10.0], [22, 10.0], [47, -10.0], [18, 11.0], [43, -11.0], [19, 7.0], [8, 8.0], [44, -7.0], [33, -8.0], [13, 15.0], [38, -15.0], [5, 12.0], [30, -12.0], [15, 11.0], [40, -11.0], [4, 5.0], [7, 10.0], [29, -5.0], [32, -10.0], [51, 0]] 
230.6733515413274 356.992524719435

25B
[[0, 0], [2, 20.0], [27, -20.0], [20, 20.0], [45, -20.0], [25, 14.0], [50, -14.0], [23, 5.0], [3, 9.0], [28, -9.0], [48, -5.0], [22, 12.0], [12, 7.0], [37, -7.0], [47, -12.0], [13, 16.0], [38, -16.0], [8, 12.0], [1, 6.0], [33, -12.0], [9, 9.0], [26, -6.0], [34, -9.0], [17, 19.0], [42, -19.0], [7, 20.0], [32, -20.0], [51, 0]] 
 176.1544592682427 372.12305279706675

25C
[[0, 0], [6, 14.0], [31, -14.0], [2, 10.0], [27, -10.0], [15, 14.0], [40, -14.0], [7, 6.0], [17, 8.0], [42, -8.0], [32, -6.0], [13, 11.0], [38, -11.0], [3, 14.0], [28, -14.0], [22, 15.0], [47, -15.0], [14, 15.0], [39, -15.0], [11, 10.0], [36, -10.0], [16, 8.0], [25, 7.0], [50, -7.0], [41, -8.0], [21, 11.0], [46, -11.0], [24, 10.0], [49, -10.0], [9, 10.0], [34, -10.0], [23, 6.0], [20, 7.0], [45, -7.0], [1, 9.0], [48, -6.0], [26, -9.0], [51, 0]] 
 266.4481160214781 495.120212691344

25D
 [[0, 0], [9, 7.0], [2, 5.0], [7, 6.0], [32, -6.0], [34, -7.0], [15, 15.0], [27, -5.0], [40, -15.0], [10, 9.0], [11, 8.0], [36, -8.0], [35, -9.0], [13, 12.0], [38, -12.0], [1, 9.0], [24, 7.0], [26, -9.0], [23, 11.0], [48, -11.0], [16, 7.0], [41, -7.0], [49, -7.0], [18, 14.0], [43, -14.0], [12, 18.0], [37, -18.0], [21, 7.0], [20, 7.0], [46, -7.0], [14, 12.0], [39, -12.0], [45, -7.0], [3, 16.0], [28, -16.0], [17, 14.0], [42, -14.0], [51, 0]] 
 297.25183795441944 472.83203868499777
